18783,1624.87,-1671.99,173.96,0.00,0.00,0.00
18783,1604.88,-1671.99,173.96,0.00,0.00,0.00
18783,1584.94,-1671.99,173.96,0.00,0.00,0.00
18783,1584.91,-1691.99,173.96,0.00,0.00,0.00
18783,1604.89,-1692.01,173.96,0.00,0.00,0.00
18783,1624.87,-1691.97,173.96,0.00,0.00,0.00
18783,1624.87,-1711.97,173.96,0.00,0.00,0.00
18783,1604.89,-1711.97,173.96,0.00,0.00,0.00
18783,1584.91,-1711.96,173.96,0.00,0.00,0.00
987,1575.75,-1674.11,176.44,0.00,0.00,90.00
987,1575.75,-1686.05,176.44,0.00,0.00,90.00
987,1575.75,-1697.99,176.44,0.00,0.00,90.00
987,1575.75,-1709.92,176.44,0.00,0.00,90.00
987,1575.75,-1721.84,176.44,0.00,0.00,90.00
987,1587.76,-1721.84,176.44,0.00,0.00,180.00
987,1599.71,-1721.84,176.44,0.00,0.00,180.00
987,1611.67,-1721.84,176.44,0.00,0.00,180.00
987,1623.62,-1721.84,176.44,0.00,0.00,180.00
987,1634.74,-1721.84,176.44,0.00,0.00,180.00
987,1634.29,-1709.78,176.44,0.00,0.00,270.00
987,1634.29,-1697.85,176.44,0.00,0.00,270.00
987,1634.29,-1685.92,176.44,0.00,0.00,270.00
987,1634.29,-1673.98,176.44,0.00,0.00,270.00
987,1634.29,-1662.04,176.44,0.00,0.00,270.00
987,1622.28,-1662.58,176.44,0.00,0.00,0.00
987,1610.29,-1662.58,176.44,0.00,0.00,0.00
987,1575.66,-1662.58,176.44,0.00,0.00,0.00
987,1587.62,-1662.58,176.44,0.00,0.00,0.00
18822,1604.86,-1639.69,188.32,180.00,113.00,90.00
18822,1604.82,-1596.69,210.85,0.00,69.00,90.00
18809,1604.87,-1548.39,217.17,0.00,90.00,90.00
18809,1604.83,-1498.42,217.17,0.00,90.00,90.00
18809,1604.85,-1448.62,217.17,0.00,90.00,90.00
18809,1604.85,-1398.75,217.17,0.00,90.00,90.00
18822,1598.07,-1350.28,217.17,90.00,112.00,90.00
18822,1565.27,-1316.80,217.17,90.00,112.00,134.82
18822,1518.36,-1315.96,217.17,90.00,112.00,179.15
18822,1484.43,-1348.29,217.17,90.00,112.00,224.05
18822,1483.19,-1395.10,217.17,90.00,112.00,269.04
18822,1515.47,-1429.16,217.17,90.00,112.00,313.86
18822,1562.23,-1433.13,222.29,140.00,112.00,358.36
18822,1598.05,-1413.95,245.67,140.00,149.00,0.62
18822,1603.68,-1373.51,268.81,105.00,149.00,51.00
18822,1573.95,-1339.39,279.10,105.00,149.00,94.83
18822,1528.92,-1335.62,289.80,105.00,149.00,139.22
18822,1493.96,-1363.65,300.00,105.00,149.00,181.91
18822,1488.61,-1408.39,310.55,105.00,149.00,228.08
18822,1517.36,-1442.99,320.81,105.00,149.00,275.16
18822,1563.27,-1446.25,331.47,105.00,149.00,320.03
18822,1596.84,-1416.48,341.88,105.00,149.00,6.75
18813,1607.74,-1360.94,313.25,0.00,0.00,90.00
18826,1617.96,-1348.69,278.01,0.00,-90.00,50.56
18826,1638.18,-1324.06,299.08,0.00,90.00,50.56
18824,1656.31,-1301.86,269.21,0.00,-47.00,51.00
18824,1690.29,-1278.68,255.48,84.00,-47.00,323.68
18826,1721.81,-1288.09,238.48,180.00,-178.00,322.89
18826,1706.17,-1276.24,205.73,180.00,3.00,323.00
18809,1734.21,-1298.47,189.06,0.00,87.00,141.00
18809,1778.20,-1321.42,178.02,-40.00,62.00,145.66
18809,1823.08,-1333.83,159.84,-40.00,62.00,145.66
18809,1861.89,-1343.52,130.58,-40.00,11.00,94.49
18809,1893.87,-1350.82,93.02,-40.00,11.00,93.18
18824,1930.79,-1352.38,68.50,26.00,265.00,193.81
18824,1960.95,-1323.52,70.67,105.00,287.00,246.00
18811,1945.52,-1280.51,69.61,-69.00,287.00,318.94
18811,1917.89,-1242.25,64.66,33.00,251.00,319.00
18809,1885.27,-1210.36,50.81,33.00,251.00,333.34
18809,1846.89,-1190.36,44.45,0.00,90.00,341.54
18809,1799.47,-1174.51,44.45,0.00,90.00,341.54
18809,1751.87,-1160.24,44.34,0.00,90.00,344.82
18809,1703.26,-1151.13,43.94,0.00,90.00,354.11
18809,1654.27,-1150.23,43.94,0.00,90.00,3.61
18809,1604.93,-1153.34,43.94,0.00,90.00,3.61
18809,1555.12,-1156.48,43.94,0.00,90.00,3.61
18809,1505.26,-1159.67,43.94,0.00,90.00,3.61
18809,1456.28,-1160.12,43.84,0.00,90.00,357.39
18809,1409.62,-1151.25,43.33,0.00,90.00,341.61
18824,1364.31,-1146.09,45.60,244.00,62.00,352.68
18809,1337.86,-1179.93,56.38,244.00,62.00,45.58
18809,1328.54,-1224.97,65.90,244.00,62.00,59.58
18809,1329.56,-1272.59,75.32,244.00,62.00,71.10
18809,1336.90,-1318.25,89.86,244.00,25.00,39.09
18809,1346.06,-1363.09,109.56,244.00,25.00,38.79
18809,1355.11,-1407.98,129.36,244.00,25.00,38.79
18809,1364.04,-1452.85,148.98,244.00,25.00,38.52
18809,1372.57,-1497.80,168.75,244.00,25.00,37.87
18809,1376.85,-1546.79,178.51,90.00,0.00,0.00
18809,1376.83,-1596.62,178.51,90.00,0.00,0.00
18809,1376.82,-1646.50,178.51,90.00,0.00,0.00
18809,1376.80,-1696.41,178.51,90.00,0.00,0.00
18824,1387.82,-1741.56,178.51,90.00,0.00,42.01
18809,1425.24,-1754.31,190.11,180.00,120.00,0.00
18809,1468.17,-1754.33,214.84,180.00,120.00,0.00
18809,1511.45,-1754.35,239.72,180.00,120.00,0.00
18813,1602.40,-1714.28,209.96,0.00,0.00,0.31
18822,1557.65,-1747.05,251.58,91.00,120.00,352.89
18783,1605.32,-1692.23,177.05,0.00,0.00,0.00
19129,1605.33,-1692.29,179.50,0.00,0.00,0.00
18649,1589.82,-1678.05,176.50,0.00,0.00,0.00
18649,1589.77,-1678.08,176.50,0.00,0.00,90.00
18648,1586.26,-1710.22,176.50,0.00,0.00,90.00
18648,1586.25,-1710.24,176.50,0.00,0.00,0.00
18651,1622.81,-1708.58,176.50,0.00,0.00,0.00
18651,1622.78,-1708.58,176.50,0.00,0.00,90.00
18650,1625.68,-1670.72,176.50,0.00,0.00,90.00
18650,1625.63,-1670.72,176.50,0.00,0.00,0.00
19134,1602.47,-1665.14,176.50,0.00,90.00,90.00
19134,1604.65,-1665.19,176.50,0.00,90.00,90.00
19134,1606.65,-1665.17,176.50,0.00,90.00,90.00
19134,1605.71,-1666.74,176.50,0.00,90.00,90.00
19134,1603.52,-1666.68,176.50,0.00,90.00,90.00
19134,1604.62,-1667.82,176.50,0.00,90.00,90.00
19134,1604.70,-1662.84,176.50,0.00,90.00,90.00
18646,1589.81,-1678.08,176.50,0.00,0.00,0.00
18646,1586.25,-1710.24,176.50,0.00,0.00,0.00	
18646,1622.81,-1708.58,176.50,0.00,0.00,90.00
18646,1625.63,-1670.72,176.50,0.00,0.00,0.00
18750,1525.18,-1643.02,213.24,90.00,0.00,53.32